1777027835859 66.72535211267606 1
1777027835866 79.70150448143406 2
1777027835870 83.30865877080666 3
1777027835873 85.74743918053777 4
1777027835875 87.66605313700384 5
1777027835877 88.85243277848912 6
1777027835880 89.99679897567222 7
1777027835882 90.8110595390525 8
1777027835883 91.80537772087068 9
1777027835885 92.4775928297055 10
1777027835886 93.12780089628681 11
1777027835888 93.94606274007683 12
1777027835890 94.44622279129321 13
1777027835891 95.1144366197183 14
1777027835892 95.54857554417414 15
1777027835894 95.99671895006402 16
1777027835895 96.55889884763124 17
1777027835897 96.98103393085788 18
1777027835898 97.34715108834827 19
1777027835900 97.79529449423815 20
1777027835901 98.0713828425096 21
1777027835902 98.32946542893725 22
1777027835904 98.60755441741357 23
1777027835905 98.79961587708067 24
1777027835907 98.99167733674776 25
1777027835908 99.08570742637644 26
1777027835909 99.20574583866838 27
