1777027835859 1.0267389116381866 1
1777027835866 0.6450494105776202 2
1777027835870 0.5291617642634961 3
1777027835873 0.45489758894171817 4
1777027835875 0.40273597577012 5
1777027835877 0.36100792670181253 6
1777027835880 0.3237001426164991 7
1777027835882 0.29683829517736937 8
1777027835883 0.2712353571066478 9
1777027835885 0.2502065745877548 10
1777027835886 0.2257063846830064 11
1777027835888 0.20508669641121707 12
1777027835890 0.18702744570454624 13
1777027835891 0.1653530162600526 14
1777027835892 0.1507505518449864 15
1777027835894 0.13802582770109023 16
1777027835895 0.12281541239885224 17
1777027835897 0.1093059605924787 18
1777027835898 0.09541755216136556 19
1777027835900 0.08329644195601897 20
1777027835901 0.07489062142623983 21
1777027835902 0.06659425458561977 22
1777027835904 0.058069819460471524 23
1777027835905 0.05371647755282713 24
1777027835907 0.04768451174456392 25
1777027835908 0.04371005660650367 26
1777027835909 0.04084694130935261 27
